0, 0, 0
416361670, 3575023392, 8861
416361670, 3575023392, 8861
416361670, 3575023392, 8861
416361670, 3575023392, 8861
416361670, 3575023392, 8861
416361670, 3575023392, 8861
416361670, 3575023392, 8861
416361670, 3575023392, 8861
416361670, 3575023392, 8861
416361670, 3575023392, 8861
416361670, 3575023392, 8861
416361670, 3575023392, 8861
416361670, 3575023392, 8861
416361670, 3575023392, 8861
416361670, 3575023392, 8861
416361670, 3575023392, 8861
416361670, 3575023392, 8861
416361670, 3575023392, 8861
416361670, 3575023392, 8861
416361670, 3575023392, 8861
416361670, 3575023392, 8861
416361670, 3575023392, 8861
416361670, 3575023392, 8861
416361670, 3575023392, 8861
416361670, 3575023392, 8861
416361670, 3575023392, 8861
416361670, 3575023392, 8861
416361670, 3575023392, 8861
416361670, 3575023392, 8861
416361670, 3575023392, 8861
416361670, 3575023392, 8861
416361670, 3575023392, 8861
416361670, 3575023392, 8861
416361670, 3575023392, 8861
416361670, 3575023392, 8861
416361670, 3575023392, 8861
416361670, 3575023392, 8861
416361670, 3575023392, 8861
416361670, 3575023392, 8861
416361670, 3575023392, 8861
416361670, 3575023392, 8861
416361670, 3575023392, 8861
416361670, 3575023392, 8861
416361670, 3575023392, 8861
416361670, 3575023392, 8861
416361670, 3575023392, 8861
416361670, 3575023392, 8861
416361670, 3575023392, 8861
416361670, 3575023392, 8861
416361670, 3575023392, 8861
416361670, 3575023392, 8861
416361670, 3575023392, 8861
416361670, 3575023392, 8861
416361670, 3575023392, 8861
416361670, 3575023392, 8861
416361670, 3575023392, 8861
416361670, 3575023392, 8861
416361670, 3575023392, 8861
416361670, 3575023392, 8861
416361670, 3575023392, 8861
416361670, 3575023392, 8861
416361670, 3575023392, 8861
416361670, 3575023392, 8861
416361670, 3575023392, 8861
416361670, 3575023392, 8861
416361670, 3575023392, 8861
416361670, 3575023392, 8861
416361670, 3575023392, 8861
416361670, 3575023392, 8861
416361670, 3575023392, 8861
416361670, 3575023392, 8861
416361670, 3575023392, 8861
416361670, 3575023392, 8861
416361670, 3575023392, 8861
416361670, 3575023392, 8861
416361670, 3575023392, 8861
416361670, 3575023392, 8861
416361670, 3575023392, 8861
416361670, 3575023392, 8861
416361670, 3575023392, 8861
416361670, 3575023392, 8861
416361670, 3575023392, 8861
416361670, 3575023392, 8861
416361670, 3575023392, 8861
416361670, 3575023392, 8861
416361670, 3575023392, 8861
416361670, 3575023392, 8861
416361670, 3575023392, 8861
416361670, 3575023392, 8861
416361670, 3575023392, 8861
416361670, 3575023392, 8861
0, 0, 0
416362860, 3575023029, 9611
416362860, 3575023029, 9611
416362860, 3575023029, 9611
416362860, 3575023029, 9611
416362860, 3575023029, 9611
416362860, 3575023029, 9611
416362860, 3575023029, 9611
416362860, 3575023029, 9611
416362860, 3575023029, 9611
416362860, 3575023029, 9611
416362860, 3575023029, 9611
416362860, 3575023029, 9611
416362860, 3575023029, 9611
416362860, 3575023029, 9611
416362860, 3575023029, 9611
416362860, 3575023029, 9611
416362860, 3575023029, 9611
416362860, 3575023029, 9611
416362860, 3575023029, 9611
416362860, 3575023029, 9611
416362860, 3575023029, 9611
416362860, 3575023029, 9611
416362860, 3575023029, 9611
416362860, 3575023029, 9611
416362860, 3575023029, 9611
416362860, 3575023029, 9611
416362860, 3575023029, 9611
416362860, 3575023029, 9611
416362860, 3575023029, 9611
0, 0, 0
416362860, 3575023029, 9611
416362860, 3575023029, 9611
416362860, 3575023029, 9611
416362860, 3575023029, 9611
416362860, 3575023029, 9611
416362860, 3575023029, 9611
416362860, 3575023029, 9611
416362860, 3575023029, 9611
416362860, 3575023029, 9611
416362860, 3575023029, 9611
416362860, 3575023029, 9611
416362860, 3575023029, 9611
416362860, 3575023029, 9611
416362860, 3575023029, 9611
416362860, 3575023029, 9611
416362860, 3575023029, 9611
416362860, 3575023029, 9611
416362860, 3575023029, 9611
416362860, 3575023029, 9611
416362860, 3575023029, 9611
416362860, 3575023029, 9611
416362860, 3575023029, 9611
416362860, 3575023029, 9611
416362860, 3575023029, 9611
416362860, 3575023029, 9611
416362860, 3575023029, 9611
416362860, 3575023029, 9611
416362860, 3575023029, 9611
416362860, 3575023029, 9611
416362860, 3575023029, 9611
416362860, 3575023029, 9611
416362860, 3575023029, 9611
416362860, 3575023029, 9611
416362860, 3575023029, 9611
416362860, 3575023029, 9611
416362860, 3575023029, 9611
416362860, 3575023029, 9611
416362860, 3575023029, 9611
416362860, 3575023029, 9611
416362860, 3575023029, 9611
416362860, 3575023029, 9611
416362860, 3575023029, 9611
416362860, 3575023029, 9611
416362860, 3575023029, 9611
416362860, 3575023029, 9611
416362860, 3575023029, 9611
416362860, 3575023029, 9611
416362860, 3575023029, 9611
416362860, 3575023029, 9611
416362860, 3575023029, 9611
416362860, 3575023029, 9611
416362860, 3575023029, 9611
416362860, 3575023029, 9611
416362860, 3575023029, 9611
416362860, 3575023029, 9611
416362860, 3575023029, 9611
416362860, 3575023029, 9611
416362860, 3575023029, 9611
416362860, 3575023029, 9611
416362860, 3575023029, 9611
416362860, 3575023029, 9611
416362860, 3575023029, 9611
416362860, 3575023029, 9611
416362860, 3575023029, 9611
416362860, 3575023029, 9611
416363098, 3575022968, 10210
416363098, 3575022968, 10210
416363098, 3575022968, 10210
416363098, 3575022968, 10210
416363098, 3575022968, 10210
416363098, 3575022968, 10210
416363098, 3575022968, 10210
416363098, 3575022968, 10210
416363098, 3575022968, 10210
416363098, 3575022968, 10210
416363098, 3575022968, 10210
416363078, 3575022977, 10205
416363078, 3575022977, 10205
416363078, 3575022977, 10205
416363078, 3575022977, 10205
416363078, 3575022977, 10205
416363078, 3575022977, 10205
416363078, 3575022977, 10205
416363078, 3575022977, 10205
416363078, 3575022977, 10205
416363078, 3575022977, 10205
416363078, 3575022977, 10205
416363078, 3575022977, 10205
416363078, 3575022977, 10205
416363078, 3575022977, 10205
416363078, 3575022977, 10205
416363078, 3575022977, 10205
416363078, 3575022977, 10205
416363078, 3575022977, 10205
416363078, 3575022977, 10205
416363078, 3575022977, 10205
416363078, 3575022977, 10205
416363078, 3575022977, 10205
416363078, 3575022977, 10205
416363078, 3575022977, 10205
416363078, 3575022977, 10205
416363078, 3575022977, 10205
416363078, 3575022977, 10205
416363078, 3575022977, 10205
416363078, 3575022977, 10205
416363078, 3575022977, 10205
416363078, 3575022977, 10205
416363078, 3575022977, 10205
416363078, 3575022977, 10205
416363078, 3575022977, 10205
416363078, 3575022977, 10205
416363078, 3575022977, 10205
416363078, 3575022977, 10205
416363078, 3575022977, 10205
416363078, 3575022977, 10205
416363078, 3575022977, 10205
416363078, 3575022977, 10205
416363078, 3575022977, 10205
416363078, 3575022977, 10205
416363078, 3575022977, 10205
416363078, 3575022977, 10205
416363078, 3575022977, 10205
416363078, 3575022977, 10205
416363078, 3575022977, 10205
416363078, 3575022977, 10205
416362917, 3575023001, 10298
416362926, 3575022997, 10294
416362923, 3575022999, 10288
416362925, 3575022999, 10283
416362917, 3575023003, 10279
416362913, 3575023005, 10275
416362914, 3575023002, 10271
416362914, 3575023002, 10268
416362908, 3575023002, 10264
416362908, 3575023002, 10261
416362908, 3575023002, 10258
416362908, 3575023002, 10256
416362908, 3575023002, 10254
416362897, 3575023006, 10254
416362897, 3575023006, 10254
416362897, 3575023006, 10254
416362897, 3575023006, 10254
416362897, 3575023006, 10254
416362897, 3575023006, 10254
416362897, 3575023006, 10254
416362897, 3575023006, 10254
416362885, 3575023026, 10218
416362885, 3575023026, 10218
416362885, 3575023026, 10214
416362885, 3575023026, 10214
416362885, 3575023026, 10214
416362885, 3575023026, 10214
416362885, 3575023026, 10214
416362885, 3575023026, 10214
416362885, 3575023026, 10214
416362885, 3575023026, 10214
416362885, 3575023026, 10214
416362885, 3575023026, 10214
416362885, 3575023026, 10214
416362885, 3575023026, 10214
416362885, 3575023026, 10214
416362885, 3575023026, 10214
416362885, 3575023026, 10214
416362885, 3575023026, 10214
416362874, 3575023030, 10207
416362874, 3575023030, 10207
416362874, 3575023030, 10207
416362874, 3575023030, 10207
416362876, 3575023029, 10210
416362876, 3575023029, 10211
416362950, 3575022995, 10215
416362996, 3575022973, 10258
416363017, 3575022953, 10269
416363183, 3575022900, 10318
416363345, 3575022879, 10376
416363340, 3575022842, 10429
416363333, 3575022837, 10476
416363319, 3575022814, 10590
416363431, 3575022841, 10617
416363501, 3575022829, 10657
416363521, 3575022827, 10695
416363570, 3575022840, 10719
416363588, 3575022842, 10744
416363605, 3575022843, 10754
416363624, 3575022841, 10782
416363687, 3575022851, 10820
416363733, 3575022863, 10937
416363790, 3575022897, 10980
416363805, 3575022904, 11019
416363778, 3575022897, 11045
416363582, 3575022956, 11094
416363545, 3575022963, 11064
416363384, 3575022824, 10989
416363412, 3575022714, 10895
416363405, 3575022618, 10774
416363284, 3575022566, 10618
416363281, 3575022566, 10492
416363206, 3575022617, 10226
416363107, 3575022710, 10158
416363039, 3575022826, 10107
416362978, 3575022851, 10040
416362969, 3575022851, 9986
416362907, 3575022847, 9942
416362873, 3575022873, 9881
416362756, 3575022887, 9797
416362756, 3575022887, 9797
416362756, 3575022887, 9797
416362756, 3575022887, 9797
416362756, 3575022887, 9797
416362756, 3575022887, 9797
416362756, 3575022887, 9797
416362756, 3575022887, 9797
416362756, 3575022887, 9797
416362756, 3575022887, 9797
416362756, 3575022887, 9797
416362756, 3575022887, 9797
416362756, 3575022887, 9797
416362756, 3575022887, 9797
416362756, 3575022887, 9797
416362756, 3575022887, 9797
416362756, 3575022887, 9797
416362756, 3575022887, 9797
416362756, 3575022887, 9797
416362756, 3575022887, 9797
416362756, 3575022887, 9797
416362756, 3575022887, 9797
416362756, 3575022887, 9797
416362756, 3575022887, 9797
416362756, 3575022887, 9797
416362756, 3575022887, 9797
416362756, 3575022887, 9797
416362756, 3575022887, 9797
416362756, 3575022887, 9797
416362756, 3575022887, 9797
416362756, 3575022887, 9797
416362756, 3575022887, 9797
416362756, 3575022887, 9797
416362756, 3575022887, 9797
416362756, 3575022887, 9797
416362756, 3575022887, 9797
416362756, 3575022887, 9797
416362756, 3575022887, 9797
416362756, 3575022887, 9797
416362756, 3575022887, 9797
416362756, 3575022887, 9797
416362756, 3575022887, 9797
416362756, 3575022887, 9797
416362756, 3575022887, 9797
416362756, 3575022887, 9797
416362756, 3575022887, 9797
416362756, 3575022887, 9797
416362756, 3575022887, 9797
416362756, 3575022887, 9797
416362756, 3575022887, 9797
416362756, 3575022887, 9797
416362756, 3575022887, 9797
416362756, 3575022887, 9797
416362756, 3575022887, 9797
416362756, 3575022887, 9797
416362756, 3575022887, 9797
416362756, 3575022887, 9797
416362756, 3575022887, 9797
416362756, 3575022887, 9797
416362756, 3575022887, 9797
416362756, 3575022887, 9797
416362756, 3575022887, 9797
416362756, 3575022887, 9797
416362756, 3575022887, 9797
416362756, 3575022887, 9797
416362756, 3575022887, 9797
416362756, 3575022887, 9797
416362756, 3575022887, 9797
416362756, 3575022887, 9797
416362756, 3575022887, 9797
416362756, 3575022887, 9797
416362756, 3575022887, 9797
416362756, 3575022887, 9797
416362756, 3575022887, 9797
416362756, 3575022887, 9797
416362756, 3575022887, 9797
416362756, 3575022887, 9797
416362756, 3575022887, 9797
416362756, 3575022887, 9797
416362756, 3575022887, 9797
416362756, 3575022887, 9797
9797, 5177377, 11012299
9797, 5177377, 11012299
416362756, 3575022887, 9797
416362756, 3575022887, 9797
416362756, 3575022887, 9797
416362756, 3575022887, 9797
416362756, 3575022887, 9797
416362756, 3575022887, 9797
416362756, 3575022887, 9797
416362756, 3575022887, 9797
416362756, 3575022887, 9797
416362756, 3575022887, 9797
416362756, 3575022887, 9797
416362756, 3575022887, 9797
416362756, 3575022887, 9797
416362756, 3575022887, 9797
416362756, 3575022887, 9797
416362756, 3575022887, 9797
416362756, 3575022887, 9797
416362756, 3575022887, 9797
416362756, 3575022887, 9797
416362756, 3575022887, 9797
416362756, 3575022887, 9797
416362756, 3575022887, 9797
416362756, 3575022887, 9797
416362756, 3575022887, 9797
416362756, 3575022887, 9797
416362756, 3575022887, 9797
416362756, 3575022887, 9797
416362756, 3575022887, 9797
416362756, 3575022887, 9797
416362756, 3575022887, 9797
416362756, 3575022887, 9797
416362756, 3575022887, 9797
416362756, 3575022887, 9797
416362756, 3575022887, 9797
416362756, 3575022887, 9797
416362756, 3575022887, 9797
416362756, 3575022887, 9797
416362756, 3575022887, 9797
416362756, 3575022887, 9797
416362756, 3575022887, 9797
416362756, 3575022887, 9797
416362756, 3575022887, 9797
416362756, 3575022887, 9797
416362756, 3575022887, 9797
416362756, 3575022887, 9797
416362756, 3575022887, 9797
416362756, 3575022887, 9797
416362756, 3575022887, 9797
416362756, 3575022887, 9797
416362756, 3575022887, 9797
416362756, 3575022887, 9797
416362756, 3575022887, 9797
416362756, 3575022887, 9797
416362756, 3575022887, 9797
416362756, 3575022887, 9797
416362756, 3575022887, 9797
416362756, 3575022887, 9797
416362756, 3575022887, 9797
416362756, 3575022887, 9797
416362756, 3575022887, 9797
416362756, 3575022887, 9797
416362756, 3575022887, 9797
416362756, 3575022887, 9797
416362756, 3575022887, 9797
416362756, 3575022887, 9797
416362756, 3575022887, 9797
416362756, 3575022887, 9797
416362756, 3575022887, 9797
416362756, 3575022887, 9797
416362756, 3575022887, 9797
416362756, 3575022887, 9797
416362756, 3575022887, 9797
416362756, 3575022887, 9797
416362756, 3575022887, 9797
416362756, 3575022887, 9797
416362756, 3575022887, 9797
416362756, 3575022887, 9797
416362756, 3575022887, 9797
416362756, 3575022887, 9797
416362756, 3575022887, 9797
416362756, 3575022887, 9797
416362756, 3575022887, 9797
416362756, 3575022887, 9797
416362756, 3575022887, 9797
416362756, 3575022887, 9797
416362756, 3575022887, 9797
416362756, 3575022887, 9797
416362756, 3575022887, 9797
416362756, 3575022887, 9797
416362756, 3575022887, 9797
416362756, 3575022887, 9797
416362756, 3575022887, 9797
416362756, 3575022887, 9797
416362756, 3575022887, 9797
416362756, 3575022887, 9797
416362756, 3575022887, 9797
416362756, 3575022887, 9797
416362756, 3575022887, 9797
416362756, 3575022887, 9797
416362756, 3575022887, 9797
416362756, 3575022887, 9797
416362756, 3575022887, 9797
416362756, 3575022887, 9797
416362756, 3575022887, 9797
416362756, 3575022887, 9797
416362756, 3575022887, 9797
416362756, 3575022887, 9797
416362756, 3575022887, 9797
416362756, 3575022887, 9797
416362756, 3575022887, 9797
416362756, 3575022887, 9797
416362756, 3575022887, 9797
416362756, 3575022887, 9797
416362756, 3575022887, 9797
416362756, 3575022887, 9797
416362756, 3575022887, 9797
416362756, 3575022887, 9797
416362756, 3575022887, 9797
416362756, 3575022887, 9797
416362756, 3575022887, 9797
416362756, 3575022887, 9797
416362756, 3575022887, 9797
416362756, 3575022887, 9797
416362756, 3575022887, 9797
416362756, 3575022887, 9797
416362756, 3575022887, 9797
416362756, 3575022887, 9797
416362756, 3575022887, 9797
416362756, 3575022887, 9797
416362756, 3575022887, 9797
416362756, 3575022887, 9797
416362756, 3575022887, 9797
416362756, 3575022887, 9797
416362756, 3575022887, 9797
416362756, 3575022887, 9797
416362756, 3575022887, 9797
416362756, 3575022887, 9797
416362756, 3575022887, 9797
416362756, 3575022887, 9797
416362756, 3575022887, 9797
416362756, 3575022887, 9797
416362756, 3575022887, 9797
416362756, 3575022887, 9797
416362756, 3575022887, 9797
416362756, 3575022887, 9797
416362756, 3575022887, 9797
416362756, 3575022887, 9797
416362756, 3575022887, 9797
416362756, 3575022887, 9797
416362756, 3575022887, 9797
416362756, 3575022887, 9797
416362756, 3575022887, 9797
416362756, 3575022887, 9797
416362756, 3575022887, 9797
416362756, 3575022887, 9797
416362756, 3575022887, 9797
416362756, 3575022887, 9797
416362756, 3575022887, 9797
416362756, 3575022887, 9797
416362756, 3575022887, 9797
416362756, 3575022887, 9797
416362756, 3575022887, 9797
416362756, 3575022887, 9797
416362756, 3575022887, 9797
416362756, 3575022887, 9797
416362756, 3575022887, 9797
416362756, 3575022887, 9797
416362756, 3575022887, 9797
416362756, 3575022887, 9797
416362756, 3575022887, 9797
416362756, 3575022887, 9797
416362756, 3575022887, 9797
416362756, 3575022887, 9797
416362756, 3575022887, 9797
416362756, 3575022887, 9797
416362756, 3575022887, 9797
416362756, 3575022887, 9797
416362756, 3575022887, 9797
416362756, 3575022887, 9797
416362756, 3575022887, 9797
416362756, 3575022887, 9797
416362756, 3575022887, 9797
416362756, 3575022887, 9797
416362756, 3575022887, 9797
416362756, 3575022887, 9797
416362756, 3575022887, 9797
416362756, 3575022887, 9797
416362756, 3575022887, 9797
416362756, 3575022887, 9797
416362756, 3575022887, 9797
416362756, 3575022887, 9797
416362756, 3575022887, 9797
416362756, 3575022887, 9797
416362756, 3575022887, 9797
416362756, 3575022887, 9797
416362756, 3575022887, 9797
416362756, 3575022887, 9797
416362756, 3575022887, 9797
416362756, 3575022887, 9797
416362756, 3575022887, 9797
416362756, 3575022887, 9797
416362756, 3575022887, 9797
416362756, 3575022887, 9797
416362756, 3575022887, 9797
416362756, 3575022887, 9797
416362756, 3575022887, 9797
416362756, 3575022887, 9797
416362756, 3575022887, 9797
416362756, 3575022887, 9797
416362756, 3575022887, 9797
416362756, 3575022887, 9797
416362756, 3575022887, 9797
416362756, 3575022887, 9797
416362756, 3575022887, 9797
416362756, 3575022887, 9797
416362756, 3575022887, 9797
416362756, 3575022887, 9797
416362756, 3575022887, 9797
416362756, 3575022887, 9797
416362756, 3575022887, 9797
416362756, 3575022887, 9797
416362756, 3575022887, 9797
416362756, 3575022887, 9797
416362756, 3575022887, 9797
416362756, 3575022887, 9797
416362756, 3575022887, 9797
416362756, 3575022887, 9797
416362756, 3575022887, 9797
416362756, 3575022887, 9797
416362756, 3575022887, 9797
416362756, 3575022887, 9797
416362756, 3575022887, 9797
416362756, 3575022887, 9797
416362756, 3575022887, 9797
416362756, 3575022887, 9797
416362756, 3575022887, 9797
416362756, 3575022887, 9797
416362756, 3575022887, 9797
416362756, 3575022887, 9797
416362756, 3575022887, 9797
416362756, 3575022887, 9797
416362756, 3575022887, 9797
416362756, 3575022887, 9797
416362756, 3575022887, 9797
416362756, 3575022887, 9797
416362756, 3575022887, 9797
416362756, 3575022887, 9797
416362756, 3575022887, 9797
416362756, 3575022887, 9797
416362756, 3575022887, 9797
416362756, 3575022887, 9797
416362756, 3575022887, 9797
416362756, 3575022887, 9797
416362756, 3575022887, 9797
416362756, 3575022887, 9797
416362756, 3575022887, 9797
416362756, 3575022887, 9797
416362756, 3575022887, 9797
416362756, 3575022887, 9797
416362756, 3575022887, 9797
416362756, 3575022887, 9797
416362756, 3575022887, 9797
416362756, 3575022887, 9797
416362756, 3575022887, 9797
416362756, 3575022887, 9797
416362756, 3575022887, 9797
416362756, 3575022887, 9797
416362756, 3575022887, 9797
416362756, 3575022887, 9797
416362756, 3575022887, 9797
416362756, 3575022887, 9797
416362756, 3575022887, 9797
416362756, 3575022887, 9797
416362756, 3575022887, 9797
416362756, 3575022887, 9797
416362756, 3575022887, 9797
416362756, 3575022887, 9797
416362756, 3575022887, 9797
416362756, 3575022887, 9797
416362756, 3575022887, 9797
416362756, 3575022887, 9797
416362756, 3575022887, 9797
416362756, 3575022887, 9797
416362756, 3575022887, 9797
416362756, 3575022887, 9797
416362756, 3575022887, 9797
416362756, 3575022887, 9797
416362756, 3575022887, 9797
416362756, 3575022887, 9797
416362756, 3575022887, 9797
416362756, 3575022887, 9797
416362756, 3575022887, 9797
416362756, 3575022887, 9797
416362756, 3575022887, 9797
416362756, 3575022887, 9797
416362756, 3575022887, 9797
416362756, 3575022887, 9797
416362756, 3575022887, 9797
416362756, 3575022887, 9797
416362756, 3575022887, 9797
416362756, 3575022887, 9797
416362756, 3575022887, 9797
416362756, 3575022887, 9797
416362756, 3575022887, 9797
416362756, 3575022887, 9797
416362756, 3575022887, 9797
416362756, 3575022887, 9797
416362756, 3575022887, 9797
416362756, 3575022887, 9797
416362756, 3575022887, 9797
416362756, 3575022887, 9797
416362756, 3575022887, 9797
416362756, 3575022887, 9797
416362756, 3575022887, 9797
416362756, 3575022887, 9797
416362756, 3575022887, 9797
416362756, 3575022887, 9797
416362756, 3575022887, 9797
416362756, 3575022887, 9797
416362756, 3575022887, 9797
416362756, 3575022887, 9797
416362756, 3575022887, 9797
416362756, 3575022887, 9797
416362756, 3575022887, 9797
416362756, 3575022887, 9797
416362756, 3575022887, 9797
416362756, 3575022887, 9797
416362756, 3575022887, 9797
416362756, 3575022887, 9797
416362756, 3575022887, 9797
416362756, 3575022887, 9797
416362756, 3575022887, 9797
416362756, 3575022887, 9797
416362756, 3575022887, 9797
416362756, 3575022887, 9797
416362756, 3575022887, 9797
416362756, 3575022887, 9797
416362756, 3575022887, 9797
416362756, 3575022887, 9797
416362756, 3575022887, 9797
416362756, 3575022887, 9797
416362756, 3575022887, 9797
416362756, 3575022887, 9797
416362756, 3575022887, 9797
416362756, 3575022887, 9797
416362756, 3575022887, 9797
416362756, 3575022887, 9797
416362756, 3575022887, 9797
416362756, 3575022887, 9797
416362756, 3575022887, 9797
416362756, 3575022887, 9797
416362756, 3575022887, 9797
416362756, 3575022887, 9797
416362756, 3575022887, 9797
416362756, 3575022887, 9797
416362756, 3575022887, 9797
416362756, 3575022887, 9797
416362756, 3575022887, 9797
416362756, 3575022887, 9797
416362756, 3575022887, 9797
416362756, 3575022887, 9797
416362756, 3575022887, 9797
416362756, 3575022887, 9797
416362756, 3575022887, 9797
416362756, 3575022887, 9797
416362756, 3575022887, 9797
416362756, 3575022887, 9797
416362756, 3575022887, 9797
416362756, 3575022887, 9797
416362756, 3575022887, 9797
416362756, 3575022887, 9797
416362756, 3575022887, 9797
416362756, 3575022887, 9797
416362756, 3575022887, 9797
416362756, 3575022887, 9797
416362756, 3575022887, 9797
416362756, 3575022887, 9797
416362756, 3575022887, 9797
416362756, 3575022887, 9797
416362756, 3575022887, 9797
416362756, 3575022887, 9797
416362756, 3575022887, 9797
416362756, 3575022887, 9797
416362756, 3575022887, 9797
416362756, 3575022887, 9797
416362756, 3575022887, 9797
416362756, 3575022887, 9797
416362756, 3575022887, 9797
416362756, 3575022887, 9797
416362756, 3575022887, 9797
416362756, 3575022887, 9797
416362756, 3575022887, 9797
416362756, 3575022887, 9797
416362756, 3575022887, 9797
416362756, 3575022887, 9797
416362756, 3575022887, 9797
416362756, 3575022887, 9797
416362756, 3575022887, 9797
416362756, 3575022887, 9797
416362756, 3575022887, 9797
416362756, 3575022887, 9797
416362756, 3575022887, 9797
416362756, 3575022887, 9797
416362756, 3575022887, 9797
416362756, 3575022887, 9797
416362756, 3575022887, 9797
416362756, 3575022887, 9797
416362756, 3575022887, 9797
416362756, 3575022887, 9797
416362756, 3575022887, 9797
416362756, 3575022887, 9797
416362756, 3575022887, 9797
416362756, 3575022887, 9797
416362756, 3575022887, 9797
416362756, 3575022887, 9797
416362756, 3575022887, 9797
416362756, 3575022887, 9797
416362756, 3575022887, 9797
416362756, 3575022887, 9797
416362756, 3575022887, 9797
416362756, 3575022887, 9797
416362756, 3575022887, 9797
416362756, 3575022887, 9797
416362756, 3575022887, 9797
416362756, 3575022887, 9797
416362756, 3575022887, 9797
416362756, 3575022887, 9797
416362756, 3575022887, 9797
416362756, 3575022887, 9797
416362756, 3575022887, 9797
416362756, 3575022887, 9797
416362756, 3575022887, 9797
416362756, 3575022887, 9797
416362756, 3575022887, 9797
416362756, 3575022887, 9797
416362756, 3575022887, 9797
416362756, 3575022887, 9797
416362756, 3575022887, 9797
416362756, 3575022887, 9797
416362756, 3575022887, 9797
416362756, 3575022887, 9797
416362756, 3575022887, 9797
416362756, 3575022887, 9797
416362756, 3575022887, 9797
416362756, 3575022887, 9797
416362756, 3575022887, 9797
416362756, 3575022887, 9797
416362756, 3575022887, 9797
416362756, 3575022887, 9797
416362756, 3575022887, 9797
416362756, 3575022887, 9797
416362756, 3575022887, 9797
416362756, 3575022887, 9797
416362756, 3575022887, 9797
416362756, 3575022887, 9797
416362756, 3575022887, 9797
416362756, 3575022887, 9797
416362756, 3575022887, 9797
416362756, 3575022887, 9797
416362756, 3575022887, 9797
416362756, 3575022887, 9797
416362756, 3575022887, 9797
416362756, 3575022887, 9797
416362756, 3575022887, 9797
416362756, 3575022887, 9797
416362756, 3575022887, 9797
416362756, 3575022887, 9797
416362756, 3575022887, 9797
416362756, 3575022887, 9797
416362756, 3575022887, 9797
416362756, 3575022887, 9797
416362756, 3575022887, 9797
416362756, 3575022887, 9797
416362756, 3575022887, 9797
416362756, 3575022887, 9797
416362756, 3575022887, 9797
416362756, 3575022887, 9797
416362756, 3575022887, 9797
416362756, 3575022887, 9797
416362756, 3575022887, 9797
416362756, 3575022887, 9797
416362756, 3575022887, 9797
416362756, 3575022887, 9797
416362756, 3575022887, 9797
416362756, 3575022887, 9797
416362756, 3575022887, 9797
416362756, 3575022887, 9797
416362756, 3575022887, 9797
416362756, 3575022887, 9797
416362756, 3575022887, 9797
416362756, 3575022887, 9797
416362756, 3575022887, 9797
416362756, 3575022887, 9797
416362756, 3575022887, 9797
416362756, 3575022887, 9797
416362756, 3575022887, 9797
416362756, 3575022887, 9797
416362756, 3575022887, 9797
416362756, 3575022887, 9797
416362756, 3575022887, 9797
416362756, 3575022887, 9797
416362756, 3575022887, 9797
416362756, 3575022887, 9797
416362756, 3575022887, 9797
416362756, 3575022887, 9797
416362756, 3575022887, 9797
416362756, 3575022887, 9797
416362756, 3575022887, 9797
416362756, 3575022887, 9797
416362756, 3575022887, 9797
416362756, 3575022887, 9797
416362756, 3575022887, 9797
416362756, 3575022887, 9797
416362756, 3575022887, 9797
416362756, 3575022887, 9797
416362756, 3575022887, 9797
416362756, 3575022887, 9797
416362756, 3575022887, 9797
416362756, 3575022887, 9797
416362756, 3575022887, 9797
416362756, 3575022887, 9797
416362756, 3575022887, 9797
416362756, 3575022887, 9797
416362756, 3575022887, 9797
416362756, 3575022887, 9797
416362756, 3575022887, 9797
416362756, 3575022887, 9797
416362756, 3575022887, 9797
416362756, 3575022887, 9797
416362756, 3575022887, 9797
416362756, 3575022887, 9797
416362756, 3575022887, 9797
416362756, 3575022887, 9797
416362756, 3575022887, 9797
416362756, 3575022887, 9797
416362756, 3575022887, 9797
416362756, 3575022887, 9797
416362756, 3575022887, 9797
416362756, 3575022887, 9797
416362756, 3575022887, 9797
416362756, 3575022887, 9797
416362756, 3575022887, 9797
416362756, 3575022887, 9797
416362756, 3575022887, 9797
416362756, 3575022887, 9797
416362756, 3575022887, 9797
416362756, 3575022887, 9797
416362756, 3575022887, 9797
416362756, 3575022887, 9797
416362756, 3575022887, 9797
416362756, 3575022887, 9797
416362756, 3575022887, 9797
416362756, 3575022887, 9797
416362756, 3575022887, 9797
416362756, 3575022887, 9797
416362756, 3575022887, 9797
416362756, 3575022887, 9797
416362756, 3575022887, 9797
416362756, 3575022887, 9797
416362756, 3575022887, 9797
416362756, 3575022887, 9797
416362756, 3575022887, 9797
416362756, 3575022887, 9797
416362756, 3575022887, 9797
416362756, 3575022887, 9797
416362756, 3575022887, 9797
416362756, 3575022887, 9797
416362756, 3575022887, 9797
416362756, 3575022887, 9797
416362756, 3575022887, 9797
416362756, 3575022887, 9797
416362756, 3575022887, 9797
416362756, 3575022887, 9797
416362756, 3575022887, 9797
416362756, 3575022887, 9797
416362756, 3575022887, 9797
416362756, 3575022887, 9797
416362756, 3575022887, 9797
416362756, 3575022887, 9797
416362756, 3575022887, 9797
416362756, 3575022887, 9797
416362756, 3575022887, 9797
416362756, 3575022887, 9797
416362756, 3575022887, 9797
416362756, 3575022887, 9797
416362756, 3575022887, 9797
416362756, 3575022887, 9797
416362756, 3575022887, 9797
416362756, 3575022887, 9797
416362756, 3575022887, 9797
416362756, 3575022887, 9797
416362756, 3575022887, 9797
416362756, 3575022887, 9797
416362756, 3575022887, 9797
416362756, 3575022887, 9797
416362756, 3575022887, 9797
416362756, 3575022887, 9797
416362756, 3575022887, 9797
416362756, 3575022887, 9797
416362756, 3575022887, 9797
416362756, 3575022887, 9797
416362756, 3575022887, 9797
416362756, 3575022887, 9797
416362756, 3575022887, 9797
416362756, 3575022887, 9797
416362756, 3575022887, 9797
416362756, 3575022887, 9797
416362756, 3575022887, 9797
416362756, 3575022887, 9797
416362756, 3575022887, 9797
416362756, 3575022887, 9797
416362756, 3575022887, 9797
416362756, 3575022887, 9797
416362756, 3575022887, 9797
416362756, 3575022887, 9797
416362756, 3575022887, 9797
416362756, 3575022887, 9797
416362756, 3575022887, 9797
416362756, 3575022887, 9797
416362756, 3575022887, 9797
416362756, 3575022887, 9797
416362756, 3575022887, 9797
416362756, 3575022887, 9797
416362756, 3575022887, 9797
416362756, 3575022887, 9797
416362756, 3575022887, 9797
416362756, 3575022887, 9797
416362756, 3575022887, 9797
416362756, 3575022887, 9797
416362756, 3575022887, 9797
416362756, 3575022887, 9797
416362756, 3575022887, 9797
416362756, 3575022887, 9797
416362756, 3575022887, 9797
416362756, 3575022887, 9797
416362756, 3575022887, 9797
416362756, 3575022887, 9797
416362756, 3575022887, 9797
416362756, 3575022887, 9797
416362756, 3575022887, 9797
416362756, 3575022887, 9797
416362756, 3575022887, 9797
416362756, 3575022887, 9797
416362756, 3575022887, 9797
416362756, 3575022887, 9797
416362756, 3575022887, 9797
416362756, 3575022887, 9797
416362756, 3575022887, 9797
416362756, 3575022887, 9797
416362756, 3575022887, 9797
416362756, 3575022887, 9797
416362756, 3575022887, 9797
416362756, 3575022887, 9797
9797, 13566080, 198859
9797, 13566080, 198859
9797, 13631616, 198859
416362756, 3575022887, 9797
416362756, 3575022887, 9797
416362756, 3575022887, 9797
416362756, 3575022887, 9797
416362756, 3575022887, 9797
416362756, 3575022887, 9797
416362756, 3575022887, 9797
416362756, 3575022887, 9797
416362756, 3575022887, 9797
416362756, 3575022887, 9797
416362756, 3575022887, 9797
416362756, 3575022887, 9797
416362756, 3575022887, 9797
416362756, 3575022887, 9797
416362756, 3575022887, 9797
416362756, 3575022887, 9797
416362756, 3575022887, 9797
416362756, 3575022887, 9797
416362756, 3575022887, 9797
416362756, 3575022887, 9797
416362756, 3575022887, 9797
416362756, 3575022887, 9797
416362756, 3575022887, 9797
416362756, 3575022887, 9797
416362756, 3575022887, 9797
416362756, 3575022887, 9797
416362756, 3575022887, 9797
416362756, 3575022887, 9797
416362756, 3575022887, 9797
416362756, 3575022887, 9797
416362756, 3575022887, 9797
416362756, 3575022887, 9797
416362756, 3575022887, 9797
416362756, 3575022887, 9797
416362756, 3575022887, 9797
416362756, 3575022887, 9797
416362756, 3575022887, 9797
416362756, 3575022887, 9797
416362756, 3575022887, 9797
416362756, 3575022887, 9797
416362756, 3575022887, 9797
416362756, 3575022887, 9797
416362756, 3575022887, 9797
416362756, 3575022887, 9797
416362756, 3575022887, 9797
416362756, 3575022887, 9797
416361846, 3575023357, 9533
416361846, 3575023357, 9533
416361846, 3575023357, 9533
416361846, 3575023357, 9533
416361846, 3575023357, 9533
416361846, 3575023357, 9533
416361846, 3575023357, 9533
416361846, 3575023357, 9533
416361846, 3575023357, 9533
416361846, 3575023357, 9533
416361846, 3575023357, 9533
416361846, 3575023357, 9533
416361846, 3575023357, 9533
416361846, 3575023357, 9533
416361846, 3575023357, 9533
416361846, 3575023357, 9533
416361846, 3575023357, 9533
416361846, 3575023357, 9533
416361846, 3575023357, 9533
416361846, 3575023357, 9533
416361804, 3575023376, 9535
416361804, 3575023376, 9535
416361804, 3575023376, 9535
416361804, 3575023376, 9535
416361804, 3575023376, 9535
416361804, 3575023376, 9535
416361804, 3575023376, 9535
416361804, 3575023376, 9535
416361804, 3575023376, 9535
416361804, 3575023376, 9535
416361804, 35750233